0
0
0
0
0
0
0
0
0
0
0
0
0
0
0
0
0
0
0
0
0
0
0
0
0
0
0
0
0
0
0
0
0
0
0
0
0
0
0
0
0
0
0
0
0
0
0
0
0
0
0
0
0
0
0
0
0
0
0
000000000000000000000000000000000000000000000000000000000000000000000000000000001
0000000000000000000000000000000000000000000000000000000000000000000000000000000111
00000000000000000000000000000000000000000000000000000000000000000000000000111000011
0000000000000000000000000000000000000000000000000000000000000000000000000100111001011
0000000000000000000000000000000000000000000000000000000000000000000000001000101001010
000000000000000000000000000000000000000000000000000000000000000000000000100001010101011
000000000000000000000000000000000000000000000000000000000000000000000000001000010100011
000000000000000000000000000000000000000000000000000000000000001111000001010000100010111
0000000000000000000000000000000000000000000000000000000000000010001101011101100000000011
0000000000000000000000000000000000000000000000000000000000000010000011000001
0000000000000000000000000000000000000000000000000000000000000001001101001001011
00000000000000000000000000000000000000000000000000000000000000000000010101010101000001111
00000000000000000000000000000000000000000000000000000000000000010011010010010011010110001
00000000000000000000000000000000000000000000000000000000000000100000110001010100011000001
0000000000000000000000000000000000000000000000000000000000000010001101011001001001011001
0000000000000000000000000000000000000000000000000000000000000011110000010101010101
0000000000000000000000000000000000000000000000000000000000000000000000001101001001011001
00000000000000000000000000000000000000000000000000000000000000000000000000010000011000001
00000000000000000000000000000000000000000000000000000000000000011000000000110111010110001
00000000000000000000000000000000000000000000000000000000000000001110100010000101000001111
00000000000000000000000000000000000000000000000000000000000000001100010100001
0000000000000000000000000000000000000000000000000000000000000000110101010100001
0000000000000000000000000000000000000000000000000000000000000000000101001010001
000000000000000000000000000000000000000000000000000000000000000000110100111001
00000000000000000000000000000000000000000000000000000000000000000000110000111
000000000000000000000000000000000000000000000000000000000000000000000111
00000000000000000000000000000000000000000000000000000000000000000000001
