0000000000000000000000000000000000000000
0000000000000000000000000000000000000000
0000000000000000000000000000000000000000
0000000000000000000000000000000000000000
0000000000000000000000000000000000000000
0000000000000000000000000000000000000000
0000000000000000000000000000000000000000
0000000000000000000000000000000000000000
0000000000000000000000000000000000000000
0000000000000000000000000000000000000000
0000000000000000000000000000000000000000
0000000000000000000000000000000000000000
00000000000000000000000000000000000000000000011111010001011111001110000000000000
00000000000000000000000000000000000000000000000100010001010000010001000000000000
00000000000000000000000000000000000000000000000100011111011111011111000000000000
00000000000000000000000000000000000000000000000100010001010000010001000000000000
00000000000000000000000000000000000000000000000100010001011111010001000000000000
0000000000000000000000000000000000000000
0000000000000000000000000000000000000000
0000000000000000000000000000000000000000
0000000000000000000000000000000000000000
0000000000000000000000000000000000000000
0000000000000000000000000000000000000000